   2.0000000e+00   9.4542113e-01  -6.2669217e-02  -3.5877363e-01   7.3957392e-01   2.4660061e-02   1.3492794e+00   3.9401557e-01  -1.1468313e+00  -1.3906099e+00   3.7639879e-01
   2.0000000e+00  -9.3003935e-01  -8.7559950e-01   1.7482945e+00   1.1269702e+00   9.8210211e-01  -1.2634096e+00  -1.1283736e-01  -1.7257856e+00   3.8050065e+00  -2.5792393e-02
   1.0000000e+00   3.1972797e-01   2.0057918e-02  -1.0776550e+00   1.5937605e-01  -7.8403453e-02   1.1650022e+00   2.1362124e-01   8.2980196e-01   1.4507206e+00   1.9922873e-01
   2.0000000e+00   1.0231258e+00  -5.3933471e-01  -2.5756121e-01  -9.6578209e-01  -4.2198963e-01  -8.8334233e-01  -8.3576419e-01   1.1199072e+00   1.2877248e+00   5.6834221e-01
   2.0000000e+00  -2.3073560e-01  -1.0604375e-01  -7.7767511e-02  -7.5525042e-01   6.6547220e-01  -6.5394260e-02  -1.7982551e+00  -8.1096879e-01  -2.2635181e+00   1.3429122e+00
   2.0000000e+00  -1.4779669e-02   5.9267588e-01  -2.5508299e+00   3.4290750e-01  -1.1418383e+00   2.9594208e+00  -1.6633936e-01  -1.2635424e+00  -2.1870030e-02   8.2468334e-01
   2.0000000e+00  -3.0015415e-01   1.4078933e+00   1.1900378e+00   5.6990534e-01   1.5837920e-01  -3.7657052e-01  -1.5834376e+00  -3.2149443e-02   7.7006541e-01  -7.6828892e-02
   2.0000000e+00  -2.5040121e-01   1.8871059e+00   1.4282493e+00  -1.0292842e+00   8.3782985e-01   8.2056397e-01   4.0108537e-01  -1.3435134e+00   8.1435175e-01   7.9774879e-01
   2.0000000e+00  -2.5088201e+00   4.6112279e-01  -1.4183248e+00   2.1182758e-01  -6.0501626e-01  -1.7942801e-01   4.0974642e-01  -8.8803056e-01   3.7215183e-01  -1.5659810e+00
   1.0000000e+00  -1.6146381e+00   7.9394797e-01   1.4062190e+00  -4.2963738e-01   1.6207129e+00   1.2697818e+00  -4.5311295e-01   2.6650095e-02  -2.3584638e-01  -8.7722325e-01
   2.0000000e+00   9.1791031e-01   8.3689473e-01   1.3227780e+00   8.9124048e-01   8.7453797e-01  -4.8412893e-01   2.0584082e+00   1.5763227e+00  -1.1169373e+00  -5.0077596e-01
   2.0000000e+00  -7.8205221e-01  -6.5973574e-01   1.5034954e+00   6.1099407e-02   1.1212480e+00   7.7538242e-01   1.0313504e+00  -5.2743023e-01  -5.3443641e-01  -7.6773406e-01
   2.0000000e+00  -6.4552827e-01  -1.1638463e-01  -1.0905845e+00   1.7383174e+00   1.8566891e+00  -8.3576671e-01  -1.0482500e+00  -4.5271021e-01   1.0972180e+00  -8.0286203e-01
   2.0000000e+00   2.8568237e-01  -3.1845920e-01   2.6690726e-01  -5.5191179e-01  -1.4453492e-02  -8.8059297e-02   1.3660286e+00   9.7140085e-01  -6.7377416e-01  -5.4255039e-01
   2.0000000e+00  -5.2778524e-01   3.6524626e-01   1.9958761e-01   5.0326579e-01   1.1939490e+00  -4.7222291e-01   5.7303184e-01  -1.1336981e+00  -9.4698606e-01   8.8921748e-01
   1.0000000e+00  -6.3683596e-01   8.3643307e-02   5.6748600e-01   6.8121335e-01   3.3391544e-01   1.3823260e+00  -8.5079178e-01   3.0321670e-01   8.1476521e-01   1.1516470e+00
   2.0000000e+00   1.3546399e+00   1.1181611e+00  -4.6625034e-01   1.1001989e+00  -1.0580750e+00   1.3092871e+00   6.2429819e-01  -1.1244805e+00  -1.3958331e+00  -1.4783506e+00
   1.0000000e+00  -1.7770084e+00   7.1418332e-01  -5.7589550e-01  -7.6318421e-02  -7.3352580e-01  -6.9924401e-01  -6.1649689e-02   6.3174847e-01  -6.3111698e-01  -1.8964447e+00
   2.0000000e+00   3.4307149e-01   6.3527769e-01  -2.7364665e+00  -2.5582215e-01  -1.1674198e+00   9.9276617e-01   4.7607485e-01  -8.3139048e-02   1.1947031e+00   8.1295032e-01
   2.0000000e+00   2.9777898e-01   7.0118799e-02   1.2293447e+00   1.1099264e+00  -3.0340184e+00  -4.8428909e-01   2.6827022e-01   1.5813115e+00  -5.3755409e-01  -5.6831818e-01
   1.0000000e+00   1.8229794e-01   4.9398166e-01  -2.1260862e-01  -3.4444818e-01   6.4741768e-01  -9.5475482e-01   7.1310003e-01   1.1275151e-01  -3.3408464e-02  -2.9050151e+00
   2.0000000e+00   5.9370156e-01  -2.9863991e-02   8.7262033e-01  -1.1687423e+00   8.3663654e-01   2.7392010e-01  -1.2197832e-01   5.2628663e-01  -2.8700984e-01   2.6497758e-01
   2.0000000e+00   1.1620317e+00  -6.4033368e-01   1.1410513e+00  -1.3183920e+00   7.0684083e-01  -7.7921070e-01  -1.7181354e+00   6.2657900e-01  -1.4314048e+00  -1.1839181e+00
   1.0000000e+00  -1.1263493e+00   6.1678389e-01  -1.6359253e+00   2.4802930e+00   2.4757189e-01  -1.0542713e-01  -1.4597632e-01  -2.2302352e-01  -9.0498725e-01  -1.0758332e+00
   1.0000000e+00  -1.3380968e+00   3.6353883e-01  -6.3675253e-01   1.6728170e-01   5.0347910e-01   1.4025098e+00  -1.0425809e+00   6.1357058e-01  -2.5510107e-01  -1.6857301e+00
   2.0000000e+00  -8.5258834e-01   9.7159643e-01  -2.0059503e-01  -5.3757008e-01  -7.3156779e-01  -6.1025479e-01   8.7962449e-01   1.2084359e+00   6.2410097e-01  -1.0181454e+00
   1.0000000e+00   5.0844324e-01   1.6030937e-01   1.9521300e-02   4.4848495e-01   7.7531675e-01  -9.8307334e-01  -1.1777300e+00   7.4107532e-01  -4.4301090e-01   1.2872428e+00
   2.0000000e+00  -3.4266633e-01   1.0217737e+00  -1.2346040e+00   7.8698515e-01   8.1942203e-02   8.1730128e-01  -1.6231462e+00  -9.2071758e-01   5.2771800e-01   2.0102888e+00
   2.0000000e+00  -9.2142449e-01   1.3860191e+00  -8.3819514e-01   8.1652536e-01  -4.1876082e-01   3.4480558e-01  -7.7175913e-01  -9.1712972e-03   9.8925857e-01   7.4085912e-01
   2.0000000e+00   8.5500611e-01  -1.3831108e+00  -6.0439358e-01  -1.7595753e+00   3.7572465e-01  -5.4172588e-01  -1.4444278e+00  -1.7521393e+00  -1.2214198e+00  -4.0137422e-01
   2.0000000e+00  -5.0906649e-01  -5.2641164e-01   2.5021905e+00   1.1331964e+00   2.5598505e-01  -8.0375171e-01  -1.4809985e-01   5.8694980e-01   7.6346511e-01   1.2092736e+00
   2.0000000e+00   7.4353699e-01  -5.5642539e-01   1.0301090e+00  -1.1340660e+00  -9.0636735e-01  -9.4774991e-02   8.7840424e-01   4.8683028e-01   1.2329006e+00  -1.4608468e+00
   2.0000000e+00   7.0229494e-01  -1.4234819e+00  -1.1656646e+00   4.9943559e-01  -3.7214468e-01  -1.1155093e+00   7.2632528e-01  -7.5252915e-01   7.6818941e-01   1.4589933e+00
   2.0000000e+00  -8.1859664e-01  -5.8128347e-01  -4.4321878e-01   9.9761113e-01   5.9819255e-01  -2.1046959e+00   3.2527129e-01  -3.4011455e-01   6.8225598e-01   4.9834845e-01
   2.0000000e+00  -1.3420327e+00  -1.3911814e-01  -5.9133346e-01  -2.3049483e-01  -1.5464843e+00   4.3624258e-01  -1.3467455e+00   3.5690375e-01  -3.2309559e-01  -8.7866537e-01
   2.0000000e+00   1.6341133e+00  -7.1654239e-01   5.2868338e-01  -1.0596096e+00  -1.5185419e+00  -3.1003384e-01  -9.0516334e-01  -6.8986193e-01  -4.9671832e-01  -4.7259906e-01
   2.0000000e+00   1.2548504e+00  -2.4927408e+00  -7.2188580e-01  -3.2210229e-01   4.5462018e-01   1.1328590e+00  -1.0204637e+00   4.4480166e-01  -7.7159684e-01   1.0718911e+00
   1.0000000e+00   4.2150748e-01   5.5978750e-01   4.0285666e-01   3.0753890e-01   4.7133233e-01  -6.2991874e-01   6.0242702e-02   4.2528992e-01   1.9182157e+00  -1.3509353e+00
   2.0000000e+00  -8.7612085e-01  -5.4340472e-02   4.9635751e-01   3.4801444e-01  -1.0337063e+00   1.1502537e+00  -7.0161044e-01  -7.0641512e-01   4.5354631e-01   1.0392178e+00
   2.0000000e+00   1.4660396e-01  -1.5967110e+00   1.3830269e+00  -1.4836405e+00   5.0564402e-02  -5.2408326e-01  -2.2858579e-01   1.5433900e+00   2.5189994e-01  -4.1769117e-01
   2.0000000e+00   9.9349267e-02  -2.4301734e+00  -1.2208973e+00  -3.7046095e-01  -7.7587048e-01   3.2890008e-01  -1.0723450e+00   3.8303254e-02   1.4349990e-02   1.5365962e-01
   1.0000000e+00  -1.5498397e+00   6.3342541e-01   1.3924481e+00  -1.1439759e+00   1.1279413e+00  -1.6290978e-01   9.6917563e-01  -1.5498551e-01  -2.2924135e-01  -2.4561901e-01
   2.0000000e+00   6.0796060e-01   1.3456561e+00   1.3957334e+00   8.6414157e-01   6.7725595e-01   7.1732590e-01  -4.7382686e-01  -1.6716508e-01   6.8251983e-01  -4.7378980e-01
   2.0000000e+00   2.7892317e-01   1.9520961e+00   7.7099876e-02  -6.5559753e-01   1.3030587e+00   8.9479144e-01  -5.9351959e-01   4.9173441e-01   1.7259597e+00  -4.7309028e-01
   2.0000000e+00   9.1483940e-01  -2.5863998e-02  -1.7322953e+00   1.3470876e+00   1.4859210e+00   6.4730308e-01   6.2679504e-01  -1.9453088e+00   6.5357902e-02   1.4167630e+00
   2.0000000e+00  -3.9671376e-02  -9.5584417e-01   3.9723941e-01   4.6504688e-01  -1.9647744e-01  -7.0057911e-01  -8.1018689e-01   1.3868588e-02  -3.1677325e-01   1.5988858e+00
   2.0000000e+00   7.0285172e-01  -1.0219366e+00  -1.2456135e+00  -5.1613718e-02  -4.7729765e-02   2.3766592e+00   3.0017708e-01  -4.1213357e-02  -1.4297921e+00   8.6355049e-01
   2.0000000e+00   2.0073605e-01  -1.7200830e+00  -1.9295664e-01   5.5974949e-01   1.1203832e+00   2.0731642e-01  -2.9813573e-01  -1.5400004e+00  -1.0273703e-01   1.7404998e+00
   2.0000000e+00  -5.5757117e-01  -8.8701233e-01  -3.7939605e-01  -5.7756811e-01   1.2714230e+00  -2.8628342e-01  -2.2573587e-01   2.5175696e-01  -9.2316519e-02   3.8831759e-01
   2.0000000e+00  -3.6420842e-02  -2.6148748e-01  -9.8984221e-01  -2.4376819e-01  -1.0560958e-01  -1.1215118e-02   7.3278387e-01   9.0801628e-01   7.3873064e-01  -4.9063542e-01
   2.0000000e+00   6.1173647e-01  -1.3359751e+00  -3.0959101e-01   7.1836909e-01   3.7364313e-01  -6.0112710e-01  -3.6321507e-01   3.4116002e-01  -1.3950466e+00   1.2679739e+00
   2.0000000e+00  -1.2277188e-01  -3.2913784e+00  -7.0890935e-01   2.8484347e-01   5.9752236e-01   4.1116737e-01  -1.6838515e+00  -1.0168124e+00   1.3603758e-01  -1.3217821e+00
   2.0000000e+00  -2.6110794e-01  -1.2013221e+00  -1.4397502e+00   5.5877882e-01  -1.2232647e+00  -5.4104098e-01   4.4830583e-01   1.3360281e+00   1.3359385e+00   1.1499208e-01
   2.0000000e+00  -1.9531559e+00  -5.1990193e-01   7.4651418e-01  -3.1284194e-01   6.8395307e-01   5.8372337e-02  -6.7085163e-01  -1.2702102e+00  -1.6413749e+00  -8.9896347e-01
   2.0000000e+00   6.0803062e-01  -1.9986533e+00   7.5034483e-01  -8.4528613e-01  -5.7615716e-01   6.1940570e-01   1.1701247e+00   7.8506253e-01  -6.2031096e-01  -1.4598301e+00
   2.0000000e+00  -9.4846044e-01   1.2835447e+00   3.5468677e-01   2.6995886e-01   1.0519960e+00   7.2521559e-01  -8.1942487e-02  -1.1823257e+00  -3.0954732e-01  -1.3546206e+00
   2.0000000e+00  -9.1176201e-02  -2.2271758e+00   6.5672358e-01   4.8461061e-01  -2.7051676e-01   6.6092052e-01   1.4944002e+00   1.7468857e+00  -3.0396191e-01   2.7646600e-01
   2.0000000e+00   1.0045896e+00  -1.9002720e+00  -3.1636135e-01  -1.6611514e-01  -1.4167191e+00   4.1400330e-01   1.0479961e+00   3.6466818e-01  -5.1872714e-01   1.2209455e-01
   2.0000000e+00   6.0241489e-01  -7.5725833e-01   2.9025922e-01   1.5751056e-01   1.5637966e+00  -9.7321426e-01   1.6358732e+00   5.7293346e-02   1.0737136e+00   2.5738906e-01
   2.0000000e+00   2.4343314e-01  -6.1504025e-01   3.3591746e-01   1.1958616e+00  -3.2682365e-01   8.3034795e-01  -6.0965896e-01   3.0284682e-01  -2.1519549e+00   1.1044393e-01
   2.0000000e+00   1.3181528e-01  -1.2170459e+00   1.1734102e+00   6.4457452e-01  -6.2038651e-01  -3.0120471e-01  -2.1435677e+00  -9.7525138e-01  -2.6652032e-01   9.8479190e-01
   2.0000000e+00   6.6079647e-01  -6.1740871e-01   1.4372024e+00   2.5255097e+00  -1.5742761e+00   2.6154726e-01  -5.9657781e-01  -6.6736752e-01   1.7561597e+00   5.9459428e-01
   2.0000000e+00   4.8949760e-01   7.3883602e-02   3.3944548e-01  -2.1788492e-01   7.9446083e-01   7.1027862e-01   2.1044328e+00  -1.1309862e+00   1.1849057e+00   6.8558940e-01
   2.0000000e+00   3.3208445e-01  -1.2675175e+00   1.2053200e-01   1.8494866e+00   2.5355365e+00   5.1093570e-01   2.3998286e+00   1.3175293e+00   4.7959512e-01   1.1979445e+00
   1.0000000e+00  -6.4927127e-01   1.9520250e-02   1.8718368e+00  -6.1576103e-01   1.2282635e+00  -1.1463948e+00   6.3978808e-01   7.3484274e-01   1.2402867e+00  -2.1392116e+00
   2.0000000e+00  -3.2438810e-01   1.8414900e+00  -1.3679300e+00   9.4277347e-01   1.0934340e+00  -1.5326059e+00   1.9070005e+00  -2.4276139e-01   2.4198522e+00  -6.2144087e-02
   2.0000000e+00   1.6896473e+00  -4.1414400e-02   1.0504328e+00  -3.7650700e-01   1.1683731e-01   6.3087616e-01  -1.8843399e-01  -3.9343474e-01   4.1133918e-01   9.8544920e-01
   1.0000000e+00   4.0079300e-01   6.7065190e-01  -4.9672885e-02  -8.8022645e-01  -2.6967580e-01   9.3007578e-01  -5.8584673e-01  -4.2543225e-01  -2.1908633e-01   1.3180263e+00
   2.0000000e+00  -1.3957965e+00   3.1143690e-01  -5.0483649e-01   5.9839134e-01   1.5791962e+00  -1.3237507e+00   1.4959672e+00   1.6420503e+00  -2.0772036e-01   2.0138268e-01
   1.0000000e+00   8.4812533e-01   3.8496890e-01  -4.7336565e-01   6.2559682e-01  -3.1937937e-01  -1.2077802e+00   6.2630559e-01   3.4014848e-01  -1.5450681e+00  -1.0389130e+00
   2.0000000e+00   2.0359562e-01   1.3796892e+00   5.2439364e-01   4.2931093e-01  -2.0436615e-01  -7.9695824e-01  -9.3412820e-01  -2.3456432e-01   8.3434049e-01  -1.1464831e+00
   1.0000000e+00   1.2344060e+00   6.0693554e-01  -5.9524645e-01  -6.6567118e-01  -3.1631632e-01   4.2616682e-01  -1.0048847e+00   7.0395030e-01   1.0512327e+00   5.3129831e-01
   1.0000000e+00  -7.8669509e-01   6.9268750e-02   3.9406983e-01   4.1943610e-01   8.6947049e-04   3.9182414e-01  -1.0938359e+00  -7.9384928e-01  -1.1687251e+00  -5.5152817e-01
   2.0000000e+00   1.5274198e+00  -6.5546775e-01   2.5420208e-01   3.0894972e-01  -7.0303545e-01  -6.6167529e-01  -1.2392273e+00   6.4489761e-01   5.3808286e-01  -6.1381809e-01
   2.0000000e+00  -4.7518754e-01   2.4412532e-01  -2.4572420e+00  -1.0784275e+00  -9.1705769e-02  -7.4843480e-01  -1.6623810e+00   1.6249555e-02   4.2678935e-02  -1.4304831e+00
   2.0000000e+00  -1.7332454e-01  -1.0678331e-01   8.0354116e-01   3.1376267e-01  -5.8249481e-01  -1.2870886e+00  -6.0294321e-01  -5.4054042e-01  -8.9830219e-01  -3.0559642e-01
   2.0000000e+00  -1.3101819e+00  -1.0402012e-02   2.2483477e-01   3.4450881e-01  -1.5491240e+00  -7.9381451e-01   4.9241947e-01  -1.1761139e+00  -5.1091104e-01   1.3075403e+00
   2.0000000e+00   8.2966179e-01  -8.3672619e-01  -1.1047738e+00  -1.0237967e+00  -5.3937644e-01  -6.6637910e-02  -4.0925821e-01   7.4431725e-01  -4.4512344e-02  -1.2360713e+00
   2.0000000e+00   2.3396578e+00   1.8188593e+00   1.2357827e+00   2.8327699e-01   1.9136640e+00   1.6196395e+00   1.5523028e+00   9.1955159e-01   8.6676063e-01  -1.6060165e+00
   2.0000000e+00   3.8364625e-01   1.0239401e+00  -1.6863872e+00  -5.9525786e-01  -6.4131424e-01  -8.1489667e-01  -1.3149523e+00   3.0274164e-02  -9.1437978e-03  -1.0602200e+00
   2.0000000e+00  -1.7667845e+00   2.2636557e+00  -9.8279487e-01  -6.7027242e-01  -1.7264749e+00  -1.9279806e+00   1.6089410e+00  -2.5015201e-01   4.5385972e-02   2.8305374e-01
   1.0000000e+00   1.6775307e+00   3.2149365e-01   1.7194786e+00  -9.0990743e-02  -5.6329329e-01   2.5244517e-03  -2.1872671e-01   2.5631818e-01   1.5995113e+00   1.4264454e-01
   1.0000000e+00  -7.1018144e-01   4.5096571e-01   7.3855069e-01   8.2555022e-01  -2.8143757e-01  -3.3225746e-01   5.8929826e-01  -2.5761780e-01   1.5499057e+00   2.0953387e+00
   2.0000000e+00   3.7361525e-01   9.7300625e-01  -4.0947047e-01  -1.4454300e+00   6.3696565e-01   2.5925724e+00  -1.0825285e+00  -1.3224170e+00   8.4094333e-01  -2.2945529e+00
   2.0000000e+00  -5.5119508e-01   6.3384932e-01  -2.2621859e-01   3.0041841e-01  -3.4618141e-01   6.2049877e-01  -8.2924889e-01  -1.0490690e+00   6.5646142e-01   1.1285886e+00
   2.0000000e+00   1.6559590e+00   3.2668939e-01  -1.9836162e-01   1.0640758e+00   3.2184439e-01  -1.5015526e-01   3.7817143e-01   1.1478678e+00  -2.4065380e+00  -5.2790760e-01
   2.0000000e+00   1.5678184e-01   5.9417246e-01  -1.1799208e+00  -3.2938942e-01  -7.5642435e-01   8.8659159e-01  -1.8606993e+00  -1.3154419e+00   9.8861308e-02  -1.4636551e+00
   1.0000000e+00   1.6333075e+00   2.2742605e-01   2.5692719e-01   2.6770153e+00   6.1659221e-02   7.2896609e-01  -8.7879997e-02  -8.5060307e-01   5.8064112e-01  -9.3099971e-01
   2.0000000e+00  -1.6306595e-01   3.5138284e-01  -2.1527152e+00   9.3693631e-01   3.0891529e-01  -1.6964110e+00   6.2435406e-01  -4.4179024e-01   1.9317123e-01  -1.2777443e+00
   2.0000000e+00  -1.7662414e-02  -2.2545890e+00  -5.1955584e-02   8.2825480e-01  -1.6494863e-02  -1.1821131e+00  -4.3224869e-01   1.8132400e-01   6.8599976e-01   2.0574005e+00
   2.0000000e+00   2.2438338e-01  -5.5736801e-01   1.4429651e+00  -6.8468478e-01  -4.5990274e-01   8.6376455e-01   6.8035929e-01  -2.1671090e-01  -7.6790053e-01   4.5485175e-01
   1.0000000e+00  -3.3483854e-01   1.7973242e-01   8.0872256e-03   2.1885145e-01   1.1704290e+00  -1.6028523e+00   2.7425769e-01   6.0214727e-01   4.6689203e-01  -2.0724867e-01
   1.0000000e+00  -2.2363260e+00   3.3356936e-01   8.7786153e-02   1.4105980e-03   1.0397106e+00  -2.0202523e-01  -1.6181614e+00   5.2111254e-01   8.1776188e-01   5.1853378e-01
   2.0000000e+00   8.2715261e-01  -1.2401296e+00   3.4902766e-01  -2.4016414e-01   5.1073585e-01  -1.0603650e+00   1.1193865e+00  -9.1072508e-01   1.2556056e+00  -1.1126680e+00
   2.0000000e+00   1.4037938e-01  -2.4156961e+00   2.2807915e-01  -4.5814416e-01  -4.5891413e-01  -1.8573530e+00  -3.9073808e-01   4.4500743e-02   4.7173143e-01   1.1703546e+00
   2.0000000e+00   5.9126351e-01  -2.8030778e-01  -1.5102526e-01  -7.4058424e-01  -1.1600053e+00   3.0957907e+00  -1.0943410e-01   2.1672130e-01  -7.3152935e-01  -9.2871766e-01
   2.0000000e+00   9.1358479e-01  -3.9717634e-02   9.2248099e-01   1.4784615e+00  -3.3073528e-02  -1.5722695e-01  -1.3251739e-01   2.7192659e+00  -2.2189516e+00  -6.7319411e-01
   2.0000000e+00  -1.2070214e+00  -1.0294850e+00   4.2063355e-01   5.4619056e-01   1.4479916e+00   1.0922005e-01  -9.0355448e-01   2.8733092e-02   1.2103621e-01   3.0900062e-01
   2.0000000e+00   8.6364295e-01   1.0673966e+00   2.3792848e-01   9.8086270e-02   1.1083533e-01   1.9607286e-01   1.3023769e+00  -5.3484662e-01  -1.2525618e+00  -1.9147097e+00
   2.0000000e+00   1.0673713e+00   1.3239719e+00  -3.3531527e-01  -6.8172353e-01  -8.6177997e-01   3.0239125e-01  -1.9376471e-01   2.1921610e-01  -4.9991229e-02  -1.5326790e+00
   2.0000000e+00  -1.1346281e+00  -7.5304789e-01  -1.1833606e+00   3.9670386e-01  -4.7461295e-01   1.0557074e+00   9.5094920e-01  -1.2085689e-01   1.5520337e+00   4.8696078e-01
   2.0000000e+00  -6.8416162e-02  -8.9135337e-01  -6.6079674e-01   1.5674619e+00  -2.4619802e-01  -8.7533455e-01   1.8575002e-01   2.0725307e+00   6.3503984e-01  -1.8528558e+00
   2.0000000e+00   9.3902389e-01  -1.2687200e+00   1.0010117e-01   5.7445811e-01  -5.3991596e-02   7.4315432e-01  -7.1259944e-01   1.4533688e-01  -1.1515867e-01  -1.3775578e+00
   2.0000000e+00  -1.8344760e+00  -1.8408104e+00   9.5429700e-01   2.3120743e-01   1.3270958e+00   1.2122874e+00  -3.4086439e-01   8.2559438e-01  -8.0802217e-01   6.3272329e-01
   2.0000000e+00   2.8483837e-01  -7.3414903e-01  -1.3153363e+00  -4.6722508e-01  -6.7443920e-01   9.0922171e-01  -1.0302446e+00   2.8542764e-01  -5.2792560e-01  -2.8108108e+00
   2.0000000e+00  -1.8770910e+00   9.2376722e-01  -7.5560929e-01   3.3967309e-01   3.4333577e-01  -2.0098556e-01   1.4598516e-01  -3.8540284e-01  -5.2445350e-01   5.4239673e-01
   2.0000000e+00   6.7887432e-01   1.6840638e-02   7.3521152e-01  -1.1358714e+00   1.1288476e+00  -9.0546192e-01  -9.4350135e-01  -1.1608652e+00  -2.1214846e-01  -3.0724483e-01
   2.0000000e+00   4.8787114e-01   2.8566046e+00   7.8406445e-01  -2.9185501e-01  -2.5207664e-01  -1.0563332e+00  -2.0660965e-01   4.1797659e-01  -3.4367137e-02   1.5963499e-01
   1.0000000e+00  -7.0202667e-01   3.6659515e-01   9.7786979e-02  -2.9506623e-01  -9.3603952e-01  -5.4657588e-01  -3.6679024e-01   6.4181595e-02   2.0727993e-01   9.9111965e-01
   2.0000000e+00  -1.4724959e-02   1.5429512e+00  -1.1223413e+00  -1.5279200e-01   9.3852199e-01   7.2151962e-02  -9.2414470e-01  -1.0741717e+00   1.6974162e-01   5.8208844e-01
   2.0000000e+00  -1.3971021e-01  -5.5069987e-01   2.5317246e-01   6.9640704e-01  -1.1646032e+00   4.3672776e-01   1.7285103e+00   9.8737582e-01  -3.9958382e-01   4.9729557e-01
   2.0000000e+00  -1.5766626e-01  -1.0398885e+00  -7.8954435e-01  -4.2640750e-01  -1.9093157e-01   2.5806968e-01   4.9204869e-01  -7.7626744e-01   7.8652892e-03  -1.1826915e+00
   2.0000000e+00   1.4723845e-01  -2.9461767e-02  -1.3265149e+00  -7.1074601e-01   1.0850167e+00   1.0968066e+00   1.4624561e+00  -2.4783417e-02  -8.4227746e-01   1.5160017e+00
   2.0000000e+00   1.3926566e-02   7.6702292e-01   2.1874340e+00  -1.1870428e+00   2.6235797e-01  -1.9996525e-01   4.5821825e-01  -1.2365103e-01  -2.4229249e-01  -7.0096417e-02
   2.0000000e+00   1.4468354e+00  -1.7876004e+00   5.3293988e-01   1.2759200e+00   4.4707575e-01  -4.5700522e-02  -8.8610873e-01  -2.0199069e-01   1.5642405e+00  -6.4781771e-01
   2.0000000e+00   9.6786261e-01   1.3639573e+00   6.4529805e-02  -7.9196185e-01  -6.0310092e-01   5.4099389e-01  -1.0521887e+00  -1.2524151e+00  -1.9325461e+00   1.5677090e-01
   1.0000000e+00   5.6517055e-02   3.1051950e-01  -1.1567279e+00  -3.8850502e-01  -4.7373205e-01  -2.6786363e-01   1.0839475e+00   6.9313213e-01   4.2161074e-01  -2.2977477e-01
   2.0000000e+00   1.7077352e-01  -1.2576222e+00   6.9043548e-01  -1.1540670e+00  -4.8221593e-01   4.7015045e-02  -4.0711196e-01   1.3278948e-01  -2.1880303e-02   6.8273577e-01
   2.0000000e+00   1.0423898e-02  -1.4135968e-01   2.7733242e-01  -1.2368699e-02  -1.4070961e+00  -5.2188977e-01  -4.0466998e-01   1.0720542e+00  -2.9549604e+00  -1.5474610e+00
   2.0000000e+00   8.6151270e-01  -2.5952935e-01   1.5414631e+00  -9.5194892e-01  -1.2397463e+00  -2.4078101e-01  -3.4889464e-01  -1.9900684e+00  -4.7017465e-01  -5.0891966e-01
   2.0000000e+00   7.0686082e-02  -1.2626143e+00  -1.1390564e+00   1.0874923e+00   1.1760857e+00   8.5904313e-01  -1.1575251e+00   1.8765721e+00  -6.8346067e-01   6.2715170e-01
   2.0000000e+00  -1.8875744e-01  -5.6909700e-01  -2.1735320e-01   1.5767344e+00   5.4912310e-01  -1.2324633e+00   1.9156366e+00  -1.5797225e-01  -1.2623734e+00  -6.3481612e-01
   1.0000000e+00  -1.1729984e+00   3.7339222e-01   1.6233013e+00  -3.6284610e-01  -3.9484188e-02   1.1853792e-01  -6.4474762e-01   3.6059712e-01  -1.7232793e+00  -1.2850680e-02
   2.0000000e+00   3.4009400e-01  -5.9602627e-01   2.6146925e-01  -4.3765445e-01   1.3149434e+00  -1.6757404e+00   3.4407062e-01   8.2065957e-03  -5.6418320e-01   5.1479759e-01
   2.0000000e+00   1.2330871e+00  -2.5084998e+00   1.0540816e+00   6.7651936e-01  -7.0582074e-01  -2.2839651e+00  -6.9719911e-01   1.2521866e-01  -6.4081214e-01   6.2422647e-01
   2.0000000e+00  -1.1257040e+00  -5.4034568e-01   7.9503623e-01  -9.2053058e-01  -1.4313825e+00   7.7281242e-01   1.6310505e-01  -1.6371711e+00  -1.4870052e+00  -7.3898039e-01
   2.0000000e+00  -1.4769614e-01  -1.0466242e-01  -5.8364472e-01  -5.0375122e-01  -5.6932125e-01  -9.4478768e-01   2.0493680e-01  -7.2296980e-01   3.4453892e-03  -9.8781394e-01
   2.0000000e+00  -7.9721350e-01  -1.1046078e+00  -6.7656355e-01  -9.1584009e-01   5.3349149e-02  -8.8562207e-01   1.2086740e+00  -1.3089532e+00   7.3942896e-01   1.5780380e+00
   2.0000000e+00  -8.7150425e-01  -1.4186533e+00   4.3687974e-01   1.0437378e+00   1.2088110e+00   8.0282332e-01  -3.5909389e-01  -6.5351195e-01  -8.8932862e-01  -6.1607774e-01
   2.0000000e+00  -4.2999500e-01   1.0900855e+00   1.1569033e+00   5.0746591e-01  -1.2281844e+00  -1.9589817e+00   6.6903456e-01   8.8758560e-01   1.4605428e-01   3.6534346e-01
   2.0000000e+00  -1.7007199e-01   1.1194461e+00  -5.7072019e-01   1.5496433e+00  -5.4431728e-01  -1.9428954e+00  -6.6766022e-01  -8.4460284e-01   5.1669000e-01   8.2325630e-01
   2.0000000e+00  -2.6045046e-01  -6.4130123e-01   2.5386451e-01   2.5874651e-01  -1.6455862e-01   3.5335084e-01   8.9494662e-01  -9.4174723e-01   4.2954325e-01  -4.7858851e-01
   2.0000000e+00   5.0997763e-01  -3.1631398e+00   4.6151735e-01  -1.9482787e+00  -1.2055930e+00  -8.7900825e-01   3.4211581e-01  -1.9851842e+00   3.8018412e-01   6.0635380e-01
   2.0000000e+00  -1.3178593e+00  -5.3279516e-03  -9.9719256e-03   2.2997416e+00  -7.2820910e-01   4.4456804e-01   1.1705633e+00  -8.9776561e-01   1.5788855e-01   8.0945379e-01
   2.0000000e+00   1.7792926e-01  -1.8412601e-01   7.3217168e-01   3.5568406e-01   1.6209837e-01   3.2934277e-01  -1.0661457e+00  -6.2593757e-01  -1.2563624e-01  -1.2064381e+00
   1.0000000e+00  -7.6866395e-01   2.8025234e-01   4.7262885e-02  -4.1593733e-01   3.2821240e-01   9.5207031e-01   4.2238463e-01   7.9930851e-01   3.0136642e+00   8.4124102e-01
   2.0000000e+00  -1.4978583e+00   1.1928514e+00  -1.2757661e+00  -9.7422255e-01   1.0456074e+00   8.5563838e-01  -1.5175928e+00   1.6591053e-01   5.7407877e-01   1.8681130e-02
   2.0000000e+00  -2.9540690e-01   1.8842580e+00  -9.8734942e-02  -1.1353988e+00   2.3037136e+00  -5.8627326e-01  -2.3962318e+00  -9.0351793e-01  -7.1650522e-01   6.5485758e-01
   2.0000000e+00   1.1304645e+00   8.4461882e-01  -1.3573554e+00   1.6954974e-01  -1.4397392e+00   8.0857386e-01  -8.9347936e-01   1.0117021e+00  -1.2253600e+00  -7.1811776e-01
   1.0000000e+00   1.6412471e+00   2.0789548e-01   9.2159887e-02   1.8223806e+00  -8.6091705e-01  -1.1710149e+00   9.8330379e-01   5.4285164e-01  -4.1225682e-01  -6.7104575e-01
   2.0000000e+00   1.0845964e+00  -9.1485212e-01   4.1491376e-01  -3.5540938e-01  -2.2431833e+00  -3.0365004e-02  -3.8821483e-01   1.0350978e+00  -3.7340912e-02  -6.3828824e-01
   2.0000000e+00   1.2775401e+00   1.7267115e+00  -1.4355213e+00   1.1823960e+00  -8.8615875e-01  -1.9022672e+00   2.5452534e-01  -1.4775549e-01   5.5295147e-01  -1.2279661e+00
   2.0000000e+00   4.7501073e-01  -1.5153203e+00   2.2877268e+00   6.4821981e-01   4.6797540e-01   1.0571156e+00   1.4555767e-01   4.0942695e-02   8.3761196e-01  -7.4343423e-01
   2.0000000e+00   9.1418139e-01  -4.3219645e-01   2.7047471e-01  -6.1513381e-01   1.4448161e+00   1.4949437e+00  -1.0398226e+00  -9.7886840e-01   1.8390672e+00  -8.1996268e-01
   2.0000000e+00   8.9936781e-01  -1.1051616e+00   9.3911181e-01  -9.0813659e-01   7.9722454e-02   1.7606648e+00   5.3118770e-01   3.2409349e-01  -1.4157796e+00   5.4746686e-01
   2.0000000e+00  -5.4386363e-01   5.2787724e-01   9.7548318e-01   1.4263891e+00  -1.3350036e+00   1.6055845e+00   1.1131402e+00   2.8359416e+00   1.4493340e-01   7.7849575e-01
   2.0000000e+00   6.4288062e-01  -9.4068429e-03  -6.1125341e-01  -9.2170190e-01   2.1700311e-01  -1.8775776e-01   2.3756360e-02   2.2783934e+00   1.0714198e-01   5.3022856e-01
   2.0000000e+00   5.2462822e-01  -2.5191934e-01   9.3891888e-01  -1.2525831e+00  -8.5564055e-02  -2.9960035e-01  -1.7926949e+00  -4.1073312e-01   8.3356339e-01   5.8230076e-01
   2.0000000e+00  -4.6950183e-01   1.0043318e+00  -6.2665865e-01   1.0264711e-01  -1.0565883e-01  -2.2345468e-01   3.7498223e-01  -8.5622526e-01  -1.3771330e+00  -5.6471385e-01
   1.0000000e+00  -6.9928998e-01   3.3368370e-02   4.4711615e-01   8.2480913e-01   2.5566838e+00   1.0764198e+00   6.6490639e-02   3.3503217e-01   1.1593583e+00  -1.2614799e+00
   1.0000000e+00   2.6969217e-01   2.3634420e-01   1.5952320e+00   8.9333833e-01   2.6617050e-01   4.9684488e-01   1.0747837e+00  -5.3821954e-01  -1.2291364e+00  -1.2203601e+00
   2.0000000e+00   2.4431696e+00   7.4142990e-01   1.9287162e-01   8.4916850e-01  -1.6276939e-01  -5.8411269e-02  -3.5082976e-01  -8.9391094e-01  -2.5621180e-01   7.1395798e-01
   2.0000000e+00   2.7308522e+00   6.6943991e-02  -2.5419583e+00   1.2389898e+00   6.4911960e-01  -7.1918530e-01   3.1059270e-01   2.1091031e+00   6.1468056e-01   1.6549845e-01
   2.0000000e+00   5.9564029e-01   1.3857705e+00   9.4652924e-01   9.0520655e-01  -1.2935984e+00   8.6507576e-02   3.5694927e-01   6.7942955e-01   1.8186480e-01  -5.7044501e-02
   2.0000000e+00  -1.3904392e+00  -1.2949412e+00  -5.3869612e-01   3.6020694e-01  -9.3636069e-01   8.3578144e-02   2.9109524e-01  -1.5053074e+00   6.5200288e-01   1.5283920e+00
   2.0000000e+00  -1.4730914e-01   1.2764004e+00   2.6907220e-02   4.9439843e-01   1.2154581e+00  -4.3317087e-01  -1.4837098e+00   7.9833770e-01   6.1328552e-01   7.2842528e-01
   2.0000000e+00   2.1131387e-01  -2.0448665e-01  -9.9543738e-01  -2.4724566e-01  -1.9865614e+00  -2.0916716e+00   9.7528176e-01  -5.1267275e-01  -1.1297462e+00  -1.1932267e+00
   2.0000000e+00  -1.9097415e-01  -1.3606805e+00  -5.1420986e-01   5.1077633e-01  -2.9562366e-01  -4.8836218e-02  -1.8004190e+00   4.1613994e-01   2.2594355e-01  -1.0120668e-01
   2.0000000e+00  -3.4352028e-01  -1.4790396e-01  -5.2075756e-01   1.9944879e+00   1.1214068e+00  -7.1395283e-01   5.0489379e-01   1.7248215e+00  -7.2710162e-01  -8.8088236e-01
   2.0000000e+00   8.9627225e-01   8.1078966e-01  -3.9793727e-01   4.6435653e-01  -1.0672735e-01   3.3394044e-01  -6.7753235e-01   6.4653566e-01   9.7983480e-02   7.9010971e-01
   1.0000000e+00  -3.1413993e-01   2.4192165e-01   4.1946244e-01  -1.7104624e+00   7.1078158e-01   1.4789335e+00   5.1150984e-01   4.5328967e-01   1.7707007e-01  -4.1060115e-01
   2.0000000e+00  -6.0177990e-01   1.1123527e+00   3.8989047e-02   2.7687486e+00   4.0842788e-01   1.9131670e+00   5.1130447e-01   2.6528291e-01   1.2607507e+00  -9.5068426e-01
   2.0000000e+00   7.4245369e-01  -1.8160023e-01  -7.4458885e-01  -2.7906191e+00   1.4400428e+00  -1.8765155e+00  -6.1642204e-01   1.2562969e+00  -1.3875291e+00  -6.5758523e-01
   2.0000000e+00  -3.7048235e-01   1.3144782e+00   2.5597700e-01  -1.1013595e+00  -3.2822842e-01  -4.0017616e-01  -1.2110121e-01   1.2357869e+00  -7.1999987e-01  -3.1581950e-01
   2.0000000e+00   6.2500142e-01  -1.1538781e+00  -6.6407183e-02  -6.1660979e-01  -2.2620198e-01  -1.1593867e-01   1.6034766e+00  -7.1079678e-01  -1.4221505e+00  -4.7991537e-03
   2.0000000e+00  -6.1317754e-01   1.1126331e+00   2.4649230e-01   1.6546820e-01   8.8537098e-01   8.2595408e-01  -1.2191192e+00   1.1167290e+00  -1.1387267e+00   5.4619453e-01
   2.0000000e+00   1.4648484e+00  -5.7356393e-02  -5.7426397e-01  -7.4149227e-01  -5.4129677e-01  -3.2565460e-01  -7.3911290e-01  -2.2983376e-01   2.1312270e-01  -1.8333834e-02
   1.0000000e+00   1.4093732e-01   1.8581797e-01   1.4173095e-01   1.3545108e+00  -8.7317266e-01   5.9020568e-01   1.7727217e+00  -4.0639458e-01   5.6702521e-01  -1.3188237e+00
   2.0000000e+00  -9.2538774e-02  -1.3108409e+00  -2.4830210e-01   7.6236065e-01   5.4554563e-02  -1.8677705e+00   5.4093253e-01  -4.2931291e-01   5.8645178e-01  -7.0972260e-01
   1.0000000e+00   2.2733759e-02   7.4034058e-01   3.9301123e-01   1.8942034e+00  -1.0894846e+00   9.0612080e-01   1.2888384e+00  -5.6242278e-01  -1.5149553e+00   1.1487962e+00
   2.0000000e+00  -8.5339449e-01  -1.6078829e-01  -8.3323148e-01   3.4231210e-01  -8.3414532e-01   1.3541035e+00   4.5989827e-01   4.3522344e-01  -2.9080835e+00   2.0158014e+00
   2.0000000e+00   1.9772890e-01   2.5553758e-01   9.7965140e-01  -1.3851434e+00   1.1047371e+00  -1.9039189e-01   1.4096707e+00  -1.7842690e+00  -8.3722784e-01  -9.5829430e-01
   2.0000000e+00  -2.0415447e+00  -7.4226250e-01  -1.5167782e+00   3.2451029e-01   9.7174930e-01  -6.3575322e-01  -1.8114653e+00   3.2600198e-01  -1.2531483e+00  -2.7651259e-01
   2.0000000e+00   3.8445450e-01   1.7199521e+00  -6.1327470e-01  -2.2859970e-01  -6.0651642e-02  -5.9247634e-01   9.5766763e-01  -6.5404520e-01   1.6636051e-01  -9.5017274e-01
   2.0000000e+00   1.9906450e+00  -1.5290758e+00   1.9658861e-01   1.7309039e-01  -1.0549252e+00  -9.5890600e-01   5.1603041e-01   4.8507126e-01   2.8948662e-01  -2.1443583e-01
   2.0000000e+00   3.4585174e+00  -8.7638077e-01   2.0986477e-01   7.7250892e-02   4.3595563e-01   5.5129263e-01   4.0467943e-01  -1.9475509e+00   4.9339182e-01  -4.1283318e-02
   1.0000000e+00   4.7943826e-01   8.0972834e-01   1.1175279e+00  -1.4272399e+00  -1.9771077e+00   1.2943347e-01  -9.5537165e-02  -5.6298793e-02  -1.5412940e-01   7.6143983e-01
   2.0000000e+00  -1.6045285e+00  -3.2056222e-01   6.6510150e-01  -2.5493804e-01  -1.6471524e+00  -6.3072275e-01   2.0672217e-01   1.5449392e+00   4.8563101e-01  -6.8172829e-01
   2.0000000e+00  -1.9049797e+00  -1.2371871e+00   1.2031788e+00   6.9884827e-01   1.9892457e-01   3.2740589e-01  -1.1200144e+00   3.5392916e-01   1.3065245e+00   7.0035675e-01
   2.0000000e+00   1.4027212e-01   1.1312023e+00  -1.1355779e+00   1.0629472e-01  -1.7379211e+00   2.8644779e-01   4.1003251e-01  -2.1229815e+00   2.0160849e+00  -6.6356740e-01
   2.0000000e+00   5.5662267e-01  -9.2850203e-01   8.9482623e-01   5.2285927e-01  -8.4771875e-02   1.0305020e+00  -9.4189177e-01   1.0247506e+00  -1.0829914e+00   1.6982523e+00
   2.0000000e+00  -8.6743198e-02   9.2765352e-02   5.7322520e-01   5.3094851e-01   7.2190588e-01  -4.8623486e-01  -1.6041792e+00  -2.3165367e+00   5.8570752e-01  -1.0760150e+00
   2.0000000e+00   1.4822832e+00   1.6218331e+00   1.4591593e+00  -5.0481097e-01   3.3680636e-01  -9.4088733e-01   1.1395567e+00  -4.7950444e-01   6.3894547e-01  -1.3403333e+00
   2.0000000e+00  -5.4907416e-01   2.0596032e-01  -6.7083464e-01  -2.4438049e-01   2.3806165e-01  -2.2036704e+00  -1.0342816e+00  -1.1368656e+00  -1.3343000e+00  -1.7313224e-01
   2.0000000e+00  -1.5975184e+00   2.8985181e+00   9.2739002e-01  -7.4679837e-01   1.2661877e+00  -5.6997022e-01   8.7461116e-01  -9.5084019e-01   1.8700597e-01  -1.5019891e+00
   2.0000000e+00   1.0347056e+00  -7.1158984e-02  -3.5336406e-01  -2.0211269e+00  -6.5457223e-01  -8.4478353e-01  -8.8945375e-01  -5.5842235e-01   9.0416427e-01   1.1661998e+00
   1.0000000e+00   8.2196486e-01   2.7070991e-01   6.1784953e-01   5.0911608e-01  -5.0166883e-01  -5.1030353e-01  -3.1775707e-01  -9.1876128e-02  -5.1206750e-01  -1.5517948e+00
   1.0000000e+00   7.2612911e-01   6.1259385e-01  -3.7896407e-01   4.0336159e-01  -5.0239170e-01   5.4813050e-01   2.3458390e+00   2.5170555e-01   9.6875617e-01   2.5168918e+00
   1.0000000e+00   7.6505614e-01   9.0503717e-01   5.6863916e-02  -3.6711953e-01  -1.4327792e+00   2.0463596e+00   8.0326001e-01   2.4784855e-01   3.9386912e-01   9.5009100e-01
   2.0000000e+00  -9.1994753e-01  -7.8014405e-01   6.2665390e-01  -1.7619808e-01  -2.2938438e-01  -5.3671146e-01  -3.0426717e-01   1.6925010e+00   3.0011873e-01  -2.1244824e+00
   1.0000000e+00   1.9184705e-01   7.9848314e-02   6.4677086e-01   4.4807140e-01  -1.6364305e-01   9.8604040e-01  -9.9821363e-02  -2.5788016e-01   1.9864693e+00  -3.6089205e-01
   1.0000000e+00  -3.5006073e-01   1.0906842e-01   1.0447443e+00   9.4799485e-01  -1.3597787e+00   1.3530467e+00   2.0955453e-01   4.4458359e-01  -2.9814201e-02   1.4326157e+00
   2.0000000e+00  -3.8296310e-01  -2.5881457e-02  -3.0578273e-01   3.8602877e-01  -5.0995184e-01  -2.1118997e+00   2.1273709e-01  -1.4305813e-01   1.0710318e+00  -9.6178680e-01
   2.0000000e+00   2.1101199e-01  -1.1932528e+00   1.4423975e+00  -2.0290395e-01  -4.3103582e-01  -8.1759801e-02  -1.7063487e+00  -1.5423550e+00  -1.2744423e+00  -1.2105457e+00
   1.0000000e+00   1.9328009e+00   4.7637082e-01  -1.3340465e+00  -9.5042753e-01   9.3915623e-01  -1.9451850e+00  -1.0760792e+00   4.3169661e-01  -3.8135385e-01  -8.2210467e-01
   2.0000000e+00   7.4666881e-01   6.0243769e-01  -5.0429727e-01   6.6055079e-01  -8.6824648e-01  -7.0600730e-01  -1.0768530e+00   1.4736504e+00   3.3009978e-01  -4.7721220e-01
   2.0000000e+00  -6.2477772e-01  -1.6439052e+00  -7.6802101e-01  -2.6276606e-01   3.8090269e-01   5.1152023e-01  -2.2056848e+00   5.4314572e-01  -1.7564161e+00  -1.4330872e+00
   2.0000000e+00   1.3917172e+00   1.5687075e-01  -5.7149483e-01   4.6914652e-01  -3.2966232e-01  -1.2379540e+00  -8.1666564e-01  -1.5734518e+00  -7.9862338e-01   5.4524167e-01
   2.0000000e+00  -2.1468175e+00  -1.6608033e+00   1.2618044e+00   1.1748342e+00  -1.4760100e-01  -7.4945643e-02  -1.4148479e+00   5.2168233e-01  -2.5627331e-01   2.0601611e+00
   2.0000000e+00   3.1691490e-01   8.8721001e-01   2.6624168e-01  -9.7733214e-01   1.1279416e+00  -7.3842665e-01   8.5540838e-01   1.1039037e+00  -1.3892357e-01  -4.7889847e-01
